min= -1.241495710939945e-13
max= 10.972304582595825
pxSize= 0.0289536163067
